30 30
30 30
     43      46       9      19      29      31      10 
     72      57      73       2      19      62      67 
     83      70      24      78      16      16      59 
     56      75       9       2      26      26      55 
     43      19       5      42      66      54      17 
     51       1      28      79      58      57      81 
     33      35      20      73      62      44      23 
     78      17      82       7       8       8       9 
     74      74      64      73       9      69      32 
     75      80       5      82      81      73      77 
     12       3      30      45      38      51      74 
     56      51      14       7      24      12      14 
     32      60      63      23      50      43      12 
     60      68       0       7      64      46       6 
     18      35      39      70      38      70      71 
     33      77      62      45       0      76       8 
     25      44      62      13      21      41      76 
     71      40      45       3      25      45      11 
     45      47      57      19      39      52       5 
     33      78      77      22      71      11      68 
     28       3      32      53       3      11      66 
     24      52      59      52       9      60      11 
     74      61      62      75      25      35      11 
     64      44      56      13      38      49      76 
     26      16      60      10      59       8      63 
     63      59       1       3      28      16      11 
     77      76      23      23      54       1      14 
     79      77      25      15      37      38      68 
     75       3      60      57      20      76      67 
     79      41       2      14      16       4      58 
      0      60      69      33      53      48      56 
     63       6      71      14      83      52      29 
     76       6      53      23      50      70      81 
     26      18      20      61      15      63      76 
     32      23      50      72      83      75      22 
      8      40      34      71      46      21       1 
      1      30      70      77      36      80      16 
     42      66      53      68      40      30       2 
     56       9      78      44      72       0      32 
     71      75      10      80      71      45      23 
     33      22      25      74      52      51      67 
      5      47      40       3      69      49      72 
     26      79      74      38      44      24      82 
     32      24      30      60      55      81      12 
     43      42      35      32      64      16      63 
     33      68       2      78      71      42      81 
     13      48      25      79      83      55      33 
     44      79      31      32      59      17      48 
     71      14      60      70      12      52      58 
     77      68      37      66       8      40      60 
     80      38      13       9       2      79       4 
      2      50      77       2       2      24      74 
     17      81      39       4      12      55      74 
     64      23       5      57       8      42      79 
     16      82      11      52      37      25      17 
     79      20      61      37      26      54      39 
     28      34      70       2      32      25       6 
      0      36      37      64      60      42      78 
     24       0      73      80      39       1      49 
     32      66      66      67      42      44      21 
     68      54      60      53       5      46      55 
     37      27      17      77      64      54      57 
     80      52       7      20       9      81      16 
     48      38      21      36      20      44      19 
     62      44      40       2      14      57      55 
     19      59      26      12       3      44       5 
     23      54      19      59      23      26      79 
     32      63      51      36      17      73      72 
     77      73      47      55      33       4      58 
     47      17      69      23      76      12      35 
     35      12      81      58      66      56      33 
     45      38      68      77      18      36      69 
     75      65      57      69      54      21      80 
      3      65      54       6      82      40      29 
     74       8      21      26      20      58      40 
     42      30      30       4      68      54      37 
     42      46      23      34      27      36      59 
     37      13      55      80      34      66      43 
     32      62      72      63      26      49      45 
      2      23      41      44       9      27       4 
     34      82      82      76      44      21      66 
     28      13      41      21      67      53      18 
     17      75      61      50      53       5      69 
     79      55      30      81      34      27      81 
      0      55       2      34      53       0      66 
     53      61      49      81      30      46      19 
     13      55      77      31      46      10      37 
     55      15      22       6      26       8      43 
     17      75      41      17      46      83       7 
     55      39      73      65      56      78      62 
      2      41      37      16      52      70       3 
     15      80      40      26      52      18      33 
     78      66      76      51      57      73      68 
     60      72      75      71      67      21      52 
     39      15      71      82      56      64      54 
     65      51      57      80       3      53      62 
     55      27      11       6      49       4      57 
     62      33      82      38      22      29      26 
     45      50      34       1      66      21      83 
     78       2       9      59      53      66      11 
     56      75      74      68      18      41      74 
     23       1       3       1      35       1      80 
     57      31      62      18      37      12      59 
     59      34      14      54      36      23      69 
     45      45      37      57      36      67      41 
     10      24      71      33      26      75      35 
     61      32      31      74      19       9      48 
     57      61      24      32      11      78      42 
      3      18      68       4      19      21      62 
     56       4      59      66      28       3      56 
     10      34      47      71      66      78      61 
      2      43      66      15      20       6       3 
     72      40      46      75      14      30      80 
     34       7      14       6      51      29      28 
     79      32      40       6      66       3      33 
      5      81      51       7      80      33      22 
     17      79      25       5      35      27      36 
     50      13      72       0      60      42      46 
     27      72      30      23      60      71      69 
     83      74      18       4      28      25      51 
     24      58      29      81      53      10      42 
      5      78      79      11       7      67      11 
     68      26      13      51      54      43      74 
     70      30      15      69      21      74      29 
     49      15      80      29      74      65      27 
     83      76      69       4      70      64      15 
     33       4      66      57      70      79      25 
     80      39      55      66      25      27      52 
     46      17      37      51      72      74      81 
     18      55      64      18       3      49      22 
     29      70      78      63      30      16      76 
     16      12      57      12       7      29      78 
     32      12       2      35      29      40      42 
     57      30      79      76      41      59      10 
     45      65      72      74      51      22       9 
     81      39      42      53       7      15      21 
     14       0      15       2      12      58      77 
     81      54      36      55      40      31      47 
     81      47      57      82      28       1      29 
     79      24      38      32      63      36      41 
     70      52      62      40       8      77      82 
     21       7      76      18      61      68      29 
     17      55      76      55      18       5      53 
     46       7      82      81      71      77      69 
     50      29      26      76      37       4      72 
     46      38      26      23      45      18      41 
     63      42      27      36      14      19       7 
     32      65      17      35      28      15      32 
     15       8      58      65      78       0      13 
     31       5       1      77      83      67      56 
     44       2      54      63       0      81      16 
     14      56      63       3      37      80      38 
     65      52      26      80      16       0      17 
     10      41      30      42       2      71      75 
      1      55      48       1      13      18      65 
     53      55      37      68      27      16      27 
     65      53      65       2      21      47      83 
     37       4      56       4      45      43      46 
      3      70      77       4      81      81       5 
     50      55      70      20      26      63       4 
     10      80      31      75       5      52      33 
     26      55      72      19      59      45      23 
     60       4      25      63      30      59      23 
     28      56      29      78      68      55      14 
     50      35      58      60      71       5       7 
     76      13      41      58      69      29      33 
      0      30      57      17      74      38      36 
     21      13      60      49      26      45      83 
     10      16      14      16       7      72      77 
     78      34      40      26      47      37      40 
     32      67      74      73      53       3       6 
     44      41      42      65      55      18      70 
     81      63      69      47      36      39      63 
     43      28      12      78      18      53      60 
     65      46      17      54      29      47      43 
     39      50       5      83      47      47      20 
     18      22      46      55      41      31      18 
     33      27      38      33      11      50      27 
     29      59       3      10      22      60      20 
      7      63      19      46      29      24       1 
     77      28      21      51      50      67      23 
     47      55      81      37      38      35      70 
     49      42      13      78      17      56      44 
     79      73      65      43      52       0       5 
     38      25      47      71       9      24      38 
     15      48      17      62      19      15      15 
     13      50       1      62       8      54      56 
     66      67      56      61      56      37      20 
     24      78      66      18      59      29       5 
     68       9      44      83      57      17      17 
     32      32      73      45      83      74      23 
     47       1      35      29      68       8      47 
     40       1      23      20      79      45      39 
     10      30       0      78      40      44      33 
     13      18      51      46      50      40       7 
      5      70      71      53      27      22      38 
     11      70      41       7      72      65      28 
     23      26      23      34      57      23      68 
     13      24      58      26      42      25      28 
      8      21      36      54      47      23      23 
     75       1      17       2      28      59      10 
     16      40      78      79      22      17      69 
     79      80      10      48      20      68      31 
     62      49      59      27      70      11      81 
     33      74      60      24      32      77      27 
     60       8      77      32       4      71      27 
     27      44      53      62      40      63      67 
     17       3      14      79      52      73      62 
     38      41      15      27      71      31       8 
     19      65      75      79      73      68      27 
     78      11      11      61      55      20      39 
     51      39      22      68      42      76      20 
     10      66      38       4      63      54      71 
     50       1      79      70      66      70      21 
     12      10      49       6      21      16      67 
     32      36      62       0      75      41      68 
     33      33      44      83      55      83      43 
     34      53      70      41      10      66      27 
     33       8      48      45      19      53       7 
     40      69      30      29      21       8      29 
     52       5      53      41      79      54      40 
     50      53      39      41      62      26      82 
     72      48      25      61      12      29      22 
     31      39      69      28      24      15      57 
      2      64      42      10      69      51      52 
     64      21       8      71      74       4      28 
      8      70      66      37      74      47      14 
      2      76      77      34      31      62      18 
     12      78      31      54      58      73      64 
     83      80      32      64      18      81       7 
     48      41      75      57      27      57      10 
     17      20      64      59      52      57      49 
      0      36      67      52      30      14      62 
      4      43      42       3      80      31      23 
     54      68      70      18      25      61      31 
     52      34      81      25      54      62      40 
     23      35       6      63      71      73      71 
     57      44      49      17      43      47      61 
     79      78       0      49      62      27      24 
     43       4      55      51      79       9      76 
      5      71      33      68      62      79      47 
      6      24      74      63      68      79      81 
     68      43      58      63      77      14      69 
     12      81       9      55       2      20      23 
     37      29      55      42      56      44      27 
     35      39      30      81      64      61      16 
      4      56      13      28      15      27       8 
      9      82      77      61      35      42      32 
     77      62      11      30       8      67      73 
     64      67      56      55      23       2      52 
     43      63      69      47      76      38      76 
      7      22      40      56      60      73      33 
     11      31      22       5       9      33      75 
     57      56      64      78      40      76      49 
     19      35      58      62      54      83      65 
     46      77      13      54      15       9      66 
     31      82      56      83      69      34      44 
     35 
